1690434651.6286209
1690434651.6944747
1690434651.726434
1690434651.780468
1690434651.8223932
1690434651.8621767
1690434651.8989851
1690434651.9301844
1690434651.958734
1690434651.9945006
1690434652.023108
1690434652.0541847
1690434652.0949297
1690434652.1229172
1690434652.1553516
1690434652.1866102
1690434652.21921
1690434652.2587855
1690434652.2944806
1690434652.32731
1690434652.3629878
1690434652.3998408
1690434652.438786
1690434652.4710011
1690434652.5102
1690434652.550249
1690434652.5873837
1690434652.6231236
1690434652.6552844
1690434652.6869986
1690434652.718282
1690434652.7502656
1690434652.7823224
1690434652.81918
1690434652.8505855
1690434652.8918395
1690434652.9224923
1690434652.9544337
1690434652.9868474
1690434653.0221996
1690434653.0547385
1690434653.0867648
1690434653.119305
1690434653.1504433
1690434653.1826463
1690434653.2145545
1690434653.2466404
1690434653.2785218
1690434653.311355
1690434653.3432062
1690434653.3751774
1690434653.4103289
1690434653.4504364
1690434653.4830742
1690434653.514864
1690434653.5547056
1690434653.5862257
1690434653.627225
1690434653.6588802
1690434653.6942012
1690434653.7269733
1690434653.75894
1690434653.7908459
1690434653.8232384
1690434653.8501987
1690434653.8829515
1690434653.9142911
1690434653.955652
1690434653.986535
1690434654.0189958
1690434654.050688
1690434654.0822666
1690434654.114122
1690434654.1508584
1690434654.1865282
1690434654.2192607
1690434654.2469904
1690434654.278913
1690434654.3182747
1690434654.350898
1690434654.3832414
1690434654.4107916
1690434654.4510334
1690434654.4867039
1690434654.5187361
1690434654.5503519
1690434654.5823262
1690434654.6146703
1690434654.6471157
1690434654.6788383
1690434654.7113748
1690434654.754492
1690434654.7868006
1690434654.822218
1690434654.8548098
1690434654.8866484
1690434654.9225478
1690434654.958688
1690434654.994822
1690434655.0344727
1690434655.070775
1690434655.1028326
1690434655.1349812
1690434655.1672456
1690434655.21069
1690434655.2429295
1690434655.278843
1690434655.318367
1690434655.3554938
1690434655.386953
1690434655.4227226
1690434655.4666812
1690434655.5149248
1690434655.546332
1690434655.5907905
1690434655.626316
1690434655.6608407
1690434655.7866344
1690434655.814618
1690434655.846603
1690434655.886552
1690434655.9190943
1690434655.9507508
1690434655.9949107
1690434656.026991
1690434656.0665522
1690434656.0982642
1690434656.1301014
1690434656.162554
1690434656.1983356
1690434656.2384548
1690434656.270352
1690434656.307234
1690434656.339499
1690434656.3781407
1690434656.4114122
1690434656.4422574
1690434656.474223
1690434656.5061758
1690434656.5390027
1690434656.5709186
1690434656.6029959
1690434656.6342664
1690434656.666402
1690434656.7023087
1690434656.7341852
1690434656.7664664
1690434656.7983732
1690434656.8303275
1690434656.8626978
1690434656.8942528
1690434656.9266658
1690434656.9583926
1690434657.0023513
1690434657.0466998
1690434657.082248
1690434657.118568
1690434657.1506333
1690434657.2041068
1690434657.2762384
1690434657.314585
1690434657.3463485
1690434657.3824842
1690434657.415412
1690434657.4586468
1690434657.490234
1690434657.5148864
1690434657.538309
1690434657.5750337
1690434657.6064847
1690434657.6343427
1690434657.6708336
1690434657.7026222
1690434657.7468605
1690434657.7786834
1690434657.8106546
1690434657.8463302
1690434657.878642
1690434657.9266286
1690434657.954485
1690434657.9873078
1690434658.0194395
1690434658.051099
1690434658.0827594
1690434658.1229517
1690434658.1555617
1690434658.1862814
1690434658.2192733
1690434658.2501056
1690434658.2825027
1690434658.3147273
1690434658.3462014
1690434658.3785248
1690434658.410451
1690434658.442685
1690434658.4749022
1690434658.506355
1690434658.5383048
1690434658.570664
1690434658.602514
1690434658.6341195
1690434658.6705306
1690434658.7025049
1690434658.7428045
1690434658.7748873
1690434658.8102508
1690434658.8423884
1690434658.8783493
1690434658.9105668
1690434658.942871
1690434658.9744673
1690434659.0069315
1690434659.0422893
1690434659.0823123
1690434659.1195295
1690434659.1545362
1690434659.1868606
1690434659.218429
1690434659.2462573
1690434659.282753
1690434659.3147895
1690434659.34725
1690434659.3790407
1690434659.424039
1690434659.4625225
1690434659.4945438
1690434659.5390947
1690434659.5876758
1690434659.6184916
1690434659.6504674
1690434659.6872447
1690434659.7229836
1690434659.7623324
1690434659.8021922
1690434659.8347242
1690434659.882765
1690434659.9227526
1690434659.9542918
1690434659.9864264
1690434660.0194583
1690434660.0500772
1690434660.082603
1690434660.114513
1690434660.1462407
1690434660.178229
1690434660.210201
1690434660.2423117
1690434660.2741904
1690434660.3062577
1690434660.3388665
1690434660.3705974
1690434660.3987956
1690434660.4306915
1690434660.4628203
1690434660.494516
1690434660.534205
1690434660.5707917
1690434660.6022189
1690434660.638182
1690434660.6665084
1690434660.698226
1690434660.7302973
1690434660.7623253
1690434660.7982485
1690434660.8303695
1690434660.8628566
1690434660.8986135
1690434660.9308023
1690434660.9711056
1690434661.008439
1690434661.0426955
1690434661.0745213
1690434661.1072347
1690434661.1386802
1690434661.1711376
1690434661.206955
1690434661.2428594
1690434661.274356
1690434661.3065393
1690434661.3425682
1690434661.3828144
1690434661.4187992
1690434661.458824
1690434661.4906373
1690434661.5232549
1690434661.5543313
1690434661.5903404
1690434661.6229446
1690434661.670183
1690434661.7103915
1690434661.7543726
1690434661.7869925
1690434661.818111
1690434661.854642
1690434661.886637
1690434661.9193041
1690434661.966503
1690434661.9984486
1690434662.0382473
1690434662.0787563
1690434662.118158
1690434662.1586673
1690434662.1983695
1690434662.2383838
1690434662.2668521
1690434662.3150945
1690434662.3422666
1690434662.3747308
1690434662.410523
1690434662.4387033
1690434662.4746232
1690434662.5108027
1690434662.5424247
1690434662.5702477
1690434662.6028757
1690434662.6344352
1690434662.6788905
1690434662.7147977
1690434662.7511358
1690434662.7829463
1690434662.8141568
1690434662.8465781
1690434662.883203
1690434662.9196503
1690434662.950412
1690434662.98287
1690434663.0193052
1690434663.0664902
1690434663.0983787
1690434663.1344538
1690434663.166955
1690434663.1981945
1690434663.230185
1690434663.262296
1690434663.2983656
1690434663.3314402
1690434663.3626788
1690434663.4101515
1690434663.4425025
1690434663.4741952
1690434663.5108645
1690434663.5424705
1690434663.574535
1690434663.606428
1690434663.638642
1690434663.6701787
1690434663.6984413
1690434663.730693
1690434663.7667553
1690434663.8024812
1690434663.8422706
1690434663.8825126
1690434663.9144673
1690434663.9466422
1690434663.9744177
1690434664.0032852
1690434664.038468
1690434664.0867429
1690434664.1228957
1690434664.154781
1690434664.187424
1690434664.2196555
1690434664.2509933
1690434664.2823803
1690434664.3235216
1690434664.3622608
1690434664.4034255
1690434664.4347067
1690434664.4670062
1690434664.4991293
1690434664.5307708
1690434664.5626166
1690434664.5953248
1690434664.627883
1690434664.6582284
1690434664.694877
1690434664.736602
1690434664.7709494
1690434664.7950516
1690434664.8308988
1690434664.8670368
1690434664.8981187
1690434664.9303675
1690434664.9623861
1690434664.9985719
1690434665.0346208
1690434665.0750556
1690434665.111922
1690434665.1430805
1690434665.1746118
1690434665.2149532
1690434665.247387
1690434665.2791486
1690434665.3105116
1690434665.3427305
1690434665.3836765
1690434665.4266784
1690434665.4587007
1690434665.4904087
1690434665.543985
1690434665.5861843
1690434665.6501594
1690434665.6865335
1690434665.7184975
1690434665.746287
1690434665.7792504
1690434665.810619
1690434665.8422713
1690434665.874174
1690434665.9063427
1690434665.9467452
1690434665.978439
1690434666.0103197
1690434666.0424867
1690434666.0742526
1690434666.1063855
1690434666.138507
1690434666.171142
1690434666.1995783
1690434666.2346983
1690434666.2662945
1690434666.3065467
1690434666.334986
1690434666.366623
1690434666.4068742
1690434666.450605
1690434666.4825954
1690434666.5183785
1690434666.5622199
1690434666.5984426
1690434666.6308646
1690434666.666294
1690434666.698297
1690434666.7388783
1690434666.7709556
1690434666.8029087
1690434666.8343427
